"location","target","type","unit","bin_start_incl","bin_end_notincl","value"
"id","1 wk ahead","Point","percent",NA,NA,0.2
"id","1 wk ahead","Bin","percent","0.0","0.1",0.0911
"id","1 wk ahead","Bin","percent","0.1","0.2",0.2073
"id","1 wk ahead","Bin","percent","0.2","0.3",0.2623
"id","1 wk ahead","Bin","percent","0.3","0.4",0.1966
"id","1 wk ahead","Bin","percent","0.4","0.5",0.1198
"id","1 wk ahead","Bin","percent","0.5","0.6",0.0607
"id","1 wk ahead","Bin","percent","0.6","0.7",0.0315
"id","1 wk ahead","Bin","percent","0.7","0.8",0.0168
"id","1 wk ahead","Bin","percent","0.8","0.9",0.0071
"id","1 wk ahead","Bin","percent","0.9","1.0",0.0036
"id","1 wk ahead","Bin","percent","1.0","1.1",0.0018
"id","1 wk ahead","Bin","percent","1.1","1.2",7e-04
"id","1 wk ahead","Bin","percent","1.2","1.3",3e-04
"id","1 wk ahead","Bin","percent","1.3","1.4",2e-04
"id","1 wk ahead","Bin","percent","1.4","1.5",1e-04
"id","1 wk ahead","Bin","percent","1.5","1.6",1e-04
"id","1 wk ahead","Bin","percent","1.6","1.7",0
"id","1 wk ahead","Bin","percent","1.7","1.8",0
"id","1 wk ahead","Bin","percent","1.8","1.9",0
"id","1 wk ahead","Bin","percent","1.9","2.0",0
"id","1 wk ahead","Bin","percent","2.0","2.1",0
"id","1 wk ahead","Bin","percent","2.1","2.2",0
"id","1 wk ahead","Bin","percent","2.2","2.3",0
"id","1 wk ahead","Bin","percent","2.3","2.4",0
"id","1 wk ahead","Bin","percent","2.4","2.5",0
"id","1 wk ahead","Bin","percent","2.5","2.6",0
"id","1 wk ahead","Bin","percent","2.6","2.7",0
"id","1 wk ahead","Bin","percent","2.7","2.8",0
"id","1 wk ahead","Bin","percent","2.8","2.9",0
"id","1 wk ahead","Bin","percent","2.9","3.0",0
"id","1 wk ahead","Bin","percent","3.0","3.1",0
"id","1 wk ahead","Bin","percent","3.1","3.2",0
"id","1 wk ahead","Bin","percent","3.2","3.3",0
"id","1 wk ahead","Bin","percent","3.3","3.4",0
"id","1 wk ahead","Bin","percent","3.4","3.5",0
"id","1 wk ahead","Bin","percent","3.5","3.6",0
"id","1 wk ahead","Bin","percent","3.6","3.7",0
"id","1 wk ahead","Bin","percent","3.7","3.8",0
"id","1 wk ahead","Bin","percent","3.8","3.9",0
"id","1 wk ahead","Bin","percent","3.9","4.0",0
"id","1 wk ahead","Bin","percent","4.0","4.1",0
"id","1 wk ahead","Bin","percent","4.1","4.2",0
"id","1 wk ahead","Bin","percent","4.2","4.3",0
"id","1 wk ahead","Bin","percent","4.3","4.4",0
"id","1 wk ahead","Bin","percent","4.4","4.5",0
"id","1 wk ahead","Bin","percent","4.5","4.6",0
"id","1 wk ahead","Bin","percent","4.6","4.7",0
"id","1 wk ahead","Bin","percent","4.7","4.8",0
"id","1 wk ahead","Bin","percent","4.8","4.9",0
"id","1 wk ahead","Bin","percent","4.9","5.0",0
"id","1 wk ahead","Bin","percent","5.0","5.1",0
"id","1 wk ahead","Bin","percent","5.1","5.2",0
"id","1 wk ahead","Bin","percent","5.2","5.3",0
"id","1 wk ahead","Bin","percent","5.3","5.4",0
"id","1 wk ahead","Bin","percent","5.4","5.5",0
"id","1 wk ahead","Bin","percent","5.5","5.6",0
"id","1 wk ahead","Bin","percent","5.6","5.7",0
"id","1 wk ahead","Bin","percent","5.7","5.8",0
"id","1 wk ahead","Bin","percent","5.8","5.9",0
"id","1 wk ahead","Bin","percent","5.9","6.0",0
"id","1 wk ahead","Bin","percent","6.0","6.1",0
"id","1 wk ahead","Bin","percent","6.1","6.2",0
"id","1 wk ahead","Bin","percent","6.2","6.3",0
"id","1 wk ahead","Bin","percent","6.3","6.4",0
"id","1 wk ahead","Bin","percent","6.4","6.5",0
"id","1 wk ahead","Bin","percent","6.5","6.6",0
"id","1 wk ahead","Bin","percent","6.6","6.7",0
"id","1 wk ahead","Bin","percent","6.7","6.8",0
"id","1 wk ahead","Bin","percent","6.8","6.9",0
"id","1 wk ahead","Bin","percent","6.9","7.0",0
"id","1 wk ahead","Bin","percent","7.0","7.1",0
"id","1 wk ahead","Bin","percent","7.1","7.2",0
"id","1 wk ahead","Bin","percent","7.2","7.3",0
"id","1 wk ahead","Bin","percent","7.3","7.4",0
"id","1 wk ahead","Bin","percent","7.4","7.5",0
"id","1 wk ahead","Bin","percent","7.5","7.6",0
"id","1 wk ahead","Bin","percent","7.6","7.7",0
"id","1 wk ahead","Bin","percent","7.7","7.8",0
"id","1 wk ahead","Bin","percent","7.8","7.9",0
"id","1 wk ahead","Bin","percent","7.9","8.0",0
"id","1 wk ahead","Bin","percent","8.0","8.1",0
"id","1 wk ahead","Bin","percent","8.1","8.2",0
"id","1 wk ahead","Bin","percent","8.2","8.3",0
"id","1 wk ahead","Bin","percent","8.3","8.4",0
"id","1 wk ahead","Bin","percent","8.4","8.5",0
"id","1 wk ahead","Bin","percent","8.5","8.6",0
"id","1 wk ahead","Bin","percent","8.6","8.7",0
"id","1 wk ahead","Bin","percent","8.7","8.8",0
"id","1 wk ahead","Bin","percent","8.8","8.9",0
"id","1 wk ahead","Bin","percent","8.9","9.0",0
"id","1 wk ahead","Bin","percent","9.0","9.1",0
"id","1 wk ahead","Bin","percent","9.1","9.2",0
"id","1 wk ahead","Bin","percent","9.2","9.3",0
"id","1 wk ahead","Bin","percent","9.3","9.4",0
"id","1 wk ahead","Bin","percent","9.4","9.5",0
"id","1 wk ahead","Bin","percent","9.5","9.6",0
"id","1 wk ahead","Bin","percent","9.6","9.7",0
"id","1 wk ahead","Bin","percent","9.7","9.8",0
"id","1 wk ahead","Bin","percent","9.8","9.9",0
"id","1 wk ahead","Bin","percent","9.9","10.0",0
"id","1 wk ahead","Bin","percent","10.0","10.1",0
"id","1 wk ahead","Bin","percent","10.1","10.2",0
"id","1 wk ahead","Bin","percent","10.2","10.3",0
"id","1 wk ahead","Bin","percent","10.3","10.4",0
"id","1 wk ahead","Bin","percent","10.4","10.5",0
"id","1 wk ahead","Bin","percent","10.5","10.6",0
"id","1 wk ahead","Bin","percent","10.6","10.7",0
"id","1 wk ahead","Bin","percent","10.7","10.8",0
"id","1 wk ahead","Bin","percent","10.8","10.9",0
"id","1 wk ahead","Bin","percent","10.9","11.0",0
"id","1 wk ahead","Bin","percent","11.0","11.1",0
"id","1 wk ahead","Bin","percent","11.1","11.2",0
"id","1 wk ahead","Bin","percent","11.2","11.3",0
"id","1 wk ahead","Bin","percent","11.3","11.4",0
"id","1 wk ahead","Bin","percent","11.4","11.5",0
"id","1 wk ahead","Bin","percent","11.5","11.6",0
"id","1 wk ahead","Bin","percent","11.6","11.7",0
"id","1 wk ahead","Bin","percent","11.7","11.8",0
"id","1 wk ahead","Bin","percent","11.8","11.9",0
"id","1 wk ahead","Bin","percent","11.9","12.0",0
"id","1 wk ahead","Bin","percent","12.0","12.1",0
"id","1 wk ahead","Bin","percent","12.1","12.2",0
"id","1 wk ahead","Bin","percent","12.2","12.3",0
"id","1 wk ahead","Bin","percent","12.3","12.4",0
"id","1 wk ahead","Bin","percent","12.4","12.5",0
"id","1 wk ahead","Bin","percent","12.5","12.6",0
"id","1 wk ahead","Bin","percent","12.6","12.7",0
"id","1 wk ahead","Bin","percent","12.7","12.8",0
"id","1 wk ahead","Bin","percent","12.8","12.9",0
"id","1 wk ahead","Bin","percent","12.9","13.0",0
"id","1 wk ahead","Bin","percent","13.0","100.0",0
"id","2 wk ahead","Point","percent",NA,NA,0.2
"id","2 wk ahead","Bin","percent","0.0","0.1",0.1705
"id","2 wk ahead","Bin","percent","0.1","0.2",0.2486
"id","2 wk ahead","Bin","percent","0.2","0.3",0.2275
"id","2 wk ahead","Bin","percent","0.3","0.4",0.1551
"id","2 wk ahead","Bin","percent","0.4","0.5",0.0949
"id","2 wk ahead","Bin","percent","0.5","0.6",0.0487
"id","2 wk ahead","Bin","percent","0.6","0.7",0.0261
"id","2 wk ahead","Bin","percent","0.7","0.8",0.0145
"id","2 wk ahead","Bin","percent","0.8","0.9",0.0066
"id","2 wk ahead","Bin","percent","0.9","1.0",0.0039
"id","2 wk ahead","Bin","percent","1.0","1.1",0.0017
"id","2 wk ahead","Bin","percent","1.1","1.2",8e-04
"id","2 wk ahead","Bin","percent","1.2","1.3",4e-04
"id","2 wk ahead","Bin","percent","1.3","1.4",3e-04
"id","2 wk ahead","Bin","percent","1.4","1.5",3e-04
"id","2 wk ahead","Bin","percent","1.5","1.6",0
"id","2 wk ahead","Bin","percent","1.6","1.7",0
"id","2 wk ahead","Bin","percent","1.7","1.8",0
"id","2 wk ahead","Bin","percent","1.8","1.9",0
"id","2 wk ahead","Bin","percent","1.9","2.0",0
"id","2 wk ahead","Bin","percent","2.0","2.1",0
"id","2 wk ahead","Bin","percent","2.1","2.2",1e-04
"id","2 wk ahead","Bin","percent","2.2","2.3",0
"id","2 wk ahead","Bin","percent","2.3","2.4",0
"id","2 wk ahead","Bin","percent","2.4","2.5",0
"id","2 wk ahead","Bin","percent","2.5","2.6",0
"id","2 wk ahead","Bin","percent","2.6","2.7",0
"id","2 wk ahead","Bin","percent","2.7","2.8",0
"id","2 wk ahead","Bin","percent","2.8","2.9",0
"id","2 wk ahead","Bin","percent","2.9","3.0",0
"id","2 wk ahead","Bin","percent","3.0","3.1",0
"id","2 wk ahead","Bin","percent","3.1","3.2",0
"id","2 wk ahead","Bin","percent","3.2","3.3",0
"id","2 wk ahead","Bin","percent","3.3","3.4",0
"id","2 wk ahead","Bin","percent","3.4","3.5",0
"id","2 wk ahead","Bin","percent","3.5","3.6",0
"id","2 wk ahead","Bin","percent","3.6","3.7",0
"id","2 wk ahead","Bin","percent","3.7","3.8",0
"id","2 wk ahead","Bin","percent","3.8","3.9",0
"id","2 wk ahead","Bin","percent","3.9","4.0",0
"id","2 wk ahead","Bin","percent","4.0","4.1",0
"id","2 wk ahead","Bin","percent","4.1","4.2",0
"id","2 wk ahead","Bin","percent","4.2","4.3",0
"id","2 wk ahead","Bin","percent","4.3","4.4",0
"id","2 wk ahead","Bin","percent","4.4","4.5",0
"id","2 wk ahead","Bin","percent","4.5","4.6",0
"id","2 wk ahead","Bin","percent","4.6","4.7",0
"id","2 wk ahead","Bin","percent","4.7","4.8",0
"id","2 wk ahead","Bin","percent","4.8","4.9",0
"id","2 wk ahead","Bin","percent","4.9","5.0",0
"id","2 wk ahead","Bin","percent","5.0","5.1",0
"id","2 wk ahead","Bin","percent","5.1","5.2",0
"id","2 wk ahead","Bin","percent","5.2","5.3",0
"id","2 wk ahead","Bin","percent","5.3","5.4",0
"id","2 wk ahead","Bin","percent","5.4","5.5",0
"id","2 wk ahead","Bin","percent","5.5","5.6",0
"id","2 wk ahead","Bin","percent","5.6","5.7",0
"id","2 wk ahead","Bin","percent","5.7","5.8",0
"id","2 wk ahead","Bin","percent","5.8","5.9",0
"id","2 wk ahead","Bin","percent","5.9","6.0",0
"id","2 wk ahead","Bin","percent","6.0","6.1",0
"id","2 wk ahead","Bin","percent","6.1","6.2",0
"id","2 wk ahead","Bin","percent","6.2","6.3",0
"id","2 wk ahead","Bin","percent","6.3","6.4",0
"id","2 wk ahead","Bin","percent","6.4","6.5",0
"id","2 wk ahead","Bin","percent","6.5","6.6",0
"id","2 wk ahead","Bin","percent","6.6","6.7",0
"id","2 wk ahead","Bin","percent","6.7","6.8",0
"id","2 wk ahead","Bin","percent","6.8","6.9",0
"id","2 wk ahead","Bin","percent","6.9","7.0",0
"id","2 wk ahead","Bin","percent","7.0","7.1",0
"id","2 wk ahead","Bin","percent","7.1","7.2",0
"id","2 wk ahead","Bin","percent","7.2","7.3",0
"id","2 wk ahead","Bin","percent","7.3","7.4",0
"id","2 wk ahead","Bin","percent","7.4","7.5",0
"id","2 wk ahead","Bin","percent","7.5","7.6",0
"id","2 wk ahead","Bin","percent","7.6","7.7",0
"id","2 wk ahead","Bin","percent","7.7","7.8",0
"id","2 wk ahead","Bin","percent","7.8","7.9",0
"id","2 wk ahead","Bin","percent","7.9","8.0",0
"id","2 wk ahead","Bin","percent","8.0","8.1",0
"id","2 wk ahead","Bin","percent","8.1","8.2",0
"id","2 wk ahead","Bin","percent","8.2","8.3",0
"id","2 wk ahead","Bin","percent","8.3","8.4",0
"id","2 wk ahead","Bin","percent","8.4","8.5",0
"id","2 wk ahead","Bin","percent","8.5","8.6",0
"id","2 wk ahead","Bin","percent","8.6","8.7",0
"id","2 wk ahead","Bin","percent","8.7","8.8",0
"id","2 wk ahead","Bin","percent","8.8","8.9",0
"id","2 wk ahead","Bin","percent","8.9","9.0",0
"id","2 wk ahead","Bin","percent","9.0","9.1",0
"id","2 wk ahead","Bin","percent","9.1","9.2",0
"id","2 wk ahead","Bin","percent","9.2","9.3",0
"id","2 wk ahead","Bin","percent","9.3","9.4",0
"id","2 wk ahead","Bin","percent","9.4","9.5",0
"id","2 wk ahead","Bin","percent","9.5","9.6",0
"id","2 wk ahead","Bin","percent","9.6","9.7",0
"id","2 wk ahead","Bin","percent","9.7","9.8",0
"id","2 wk ahead","Bin","percent","9.8","9.9",0
"id","2 wk ahead","Bin","percent","9.9","10.0",0
"id","2 wk ahead","Bin","percent","10.0","10.1",0
"id","2 wk ahead","Bin","percent","10.1","10.2",0
"id","2 wk ahead","Bin","percent","10.2","10.3",0
"id","2 wk ahead","Bin","percent","10.3","10.4",0
"id","2 wk ahead","Bin","percent","10.4","10.5",0
"id","2 wk ahead","Bin","percent","10.5","10.6",0
"id","2 wk ahead","Bin","percent","10.6","10.7",0
"id","2 wk ahead","Bin","percent","10.7","10.8",0
"id","2 wk ahead","Bin","percent","10.8","10.9",0
"id","2 wk ahead","Bin","percent","10.9","11.0",0
"id","2 wk ahead","Bin","percent","11.0","11.1",0
"id","2 wk ahead","Bin","percent","11.1","11.2",0
"id","2 wk ahead","Bin","percent","11.2","11.3",0
"id","2 wk ahead","Bin","percent","11.3","11.4",0
"id","2 wk ahead","Bin","percent","11.4","11.5",0
"id","2 wk ahead","Bin","percent","11.5","11.6",0
"id","2 wk ahead","Bin","percent","11.6","11.7",0
"id","2 wk ahead","Bin","percent","11.7","11.8",0
"id","2 wk ahead","Bin","percent","11.8","11.9",0
"id","2 wk ahead","Bin","percent","11.9","12.0",0
"id","2 wk ahead","Bin","percent","12.0","12.1",0
"id","2 wk ahead","Bin","percent","12.1","12.2",0
"id","2 wk ahead","Bin","percent","12.2","12.3",0
"id","2 wk ahead","Bin","percent","12.3","12.4",0
"id","2 wk ahead","Bin","percent","12.4","12.5",0
"id","2 wk ahead","Bin","percent","12.5","12.6",0
"id","2 wk ahead","Bin","percent","12.6","12.7",0
"id","2 wk ahead","Bin","percent","12.7","12.8",0
"id","2 wk ahead","Bin","percent","12.8","12.9",0
"id","2 wk ahead","Bin","percent","12.9","13.0",0
"id","2 wk ahead","Bin","percent","13.0","100.0",0
"id","3 wk ahead","Point","percent",NA,NA,0.1
"id","3 wk ahead","Bin","percent","0.0","0.1",0.2765
"id","3 wk ahead","Bin","percent","0.1","0.2",0.247
"id","3 wk ahead","Bin","percent","0.2","0.3",0.1915
"id","3 wk ahead","Bin","percent","0.3","0.4",0.1216
"id","3 wk ahead","Bin","percent","0.4","0.5",0.0737
"id","3 wk ahead","Bin","percent","0.5","0.6",0.0404
"id","3 wk ahead","Bin","percent","0.6","0.7",0.0235
"id","3 wk ahead","Bin","percent","0.7","0.8",0.0114
"id","3 wk ahead","Bin","percent","0.8","0.9",0.0062
"id","3 wk ahead","Bin","percent","0.9","1.0",0.004
"id","3 wk ahead","Bin","percent","1.0","1.1",0.0015
"id","3 wk ahead","Bin","percent","1.1","1.2",9e-04
"id","3 wk ahead","Bin","percent","1.2","1.3",7e-04
"id","3 wk ahead","Bin","percent","1.3","1.4",5e-04
"id","3 wk ahead","Bin","percent","1.4","1.5",3e-04
"id","3 wk ahead","Bin","percent","1.5","1.6",2e-04
"id","3 wk ahead","Bin","percent","1.6","1.7",1e-04
"id","3 wk ahead","Bin","percent","1.7","1.8",0
"id","3 wk ahead","Bin","percent","1.8","1.9",0
"id","3 wk ahead","Bin","percent","1.9","2.0",0
"id","3 wk ahead","Bin","percent","2.0","2.1",0
"id","3 wk ahead","Bin","percent","2.1","2.2",0
"id","3 wk ahead","Bin","percent","2.2","2.3",0
"id","3 wk ahead","Bin","percent","2.3","2.4",0
"id","3 wk ahead","Bin","percent","2.4","2.5",0
"id","3 wk ahead","Bin","percent","2.5","2.6",0
"id","3 wk ahead","Bin","percent","2.6","2.7",0
"id","3 wk ahead","Bin","percent","2.7","2.8",0
"id","3 wk ahead","Bin","percent","2.8","2.9",0
"id","3 wk ahead","Bin","percent","2.9","3.0",0
"id","3 wk ahead","Bin","percent","3.0","3.1",0
"id","3 wk ahead","Bin","percent","3.1","3.2",0
"id","3 wk ahead","Bin","percent","3.2","3.3",0
"id","3 wk ahead","Bin","percent","3.3","3.4",0
"id","3 wk ahead","Bin","percent","3.4","3.5",0
"id","3 wk ahead","Bin","percent","3.5","3.6",0
"id","3 wk ahead","Bin","percent","3.6","3.7",0
"id","3 wk ahead","Bin","percent","3.7","3.8",0
"id","3 wk ahead","Bin","percent","3.8","3.9",0
"id","3 wk ahead","Bin","percent","3.9","4.0",0
"id","3 wk ahead","Bin","percent","4.0","4.1",0
"id","3 wk ahead","Bin","percent","4.1","4.2",0
"id","3 wk ahead","Bin","percent","4.2","4.3",0
"id","3 wk ahead","Bin","percent","4.3","4.4",0
"id","3 wk ahead","Bin","percent","4.4","4.5",0
"id","3 wk ahead","Bin","percent","4.5","4.6",0
"id","3 wk ahead","Bin","percent","4.6","4.7",0
"id","3 wk ahead","Bin","percent","4.7","4.8",0
"id","3 wk ahead","Bin","percent","4.8","4.9",0
"id","3 wk ahead","Bin","percent","4.9","5.0",0
"id","3 wk ahead","Bin","percent","5.0","5.1",0
"id","3 wk ahead","Bin","percent","5.1","5.2",0
"id","3 wk ahead","Bin","percent","5.2","5.3",0
"id","3 wk ahead","Bin","percent","5.3","5.4",0
"id","3 wk ahead","Bin","percent","5.4","5.5",0
"id","3 wk ahead","Bin","percent","5.5","5.6",0
"id","3 wk ahead","Bin","percent","5.6","5.7",0
"id","3 wk ahead","Bin","percent","5.7","5.8",0
"id","3 wk ahead","Bin","percent","5.8","5.9",0
"id","3 wk ahead","Bin","percent","5.9","6.0",0
"id","3 wk ahead","Bin","percent","6.0","6.1",0
"id","3 wk ahead","Bin","percent","6.1","6.2",0
"id","3 wk ahead","Bin","percent","6.2","6.3",0
"id","3 wk ahead","Bin","percent","6.3","6.4",0
"id","3 wk ahead","Bin","percent","6.4","6.5",0
"id","3 wk ahead","Bin","percent","6.5","6.6",0
"id","3 wk ahead","Bin","percent","6.6","6.7",0
"id","3 wk ahead","Bin","percent","6.7","6.8",0
"id","3 wk ahead","Bin","percent","6.8","6.9",0
"id","3 wk ahead","Bin","percent","6.9","7.0",0
"id","3 wk ahead","Bin","percent","7.0","7.1",0
"id","3 wk ahead","Bin","percent","7.1","7.2",0
"id","3 wk ahead","Bin","percent","7.2","7.3",0
"id","3 wk ahead","Bin","percent","7.3","7.4",0
"id","3 wk ahead","Bin","percent","7.4","7.5",0
"id","3 wk ahead","Bin","percent","7.5","7.6",0
"id","3 wk ahead","Bin","percent","7.6","7.7",0
"id","3 wk ahead","Bin","percent","7.7","7.8",0
"id","3 wk ahead","Bin","percent","7.8","7.9",0
"id","3 wk ahead","Bin","percent","7.9","8.0",0
"id","3 wk ahead","Bin","percent","8.0","8.1",0
"id","3 wk ahead","Bin","percent","8.1","8.2",0
"id","3 wk ahead","Bin","percent","8.2","8.3",0
"id","3 wk ahead","Bin","percent","8.3","8.4",0
"id","3 wk ahead","Bin","percent","8.4","8.5",0
"id","3 wk ahead","Bin","percent","8.5","8.6",0
"id","3 wk ahead","Bin","percent","8.6","8.7",0
"id","3 wk ahead","Bin","percent","8.7","8.8",0
"id","3 wk ahead","Bin","percent","8.8","8.9",0
"id","3 wk ahead","Bin","percent","8.9","9.0",0
"id","3 wk ahead","Bin","percent","9.0","9.1",0
"id","3 wk ahead","Bin","percent","9.1","9.2",0
"id","3 wk ahead","Bin","percent","9.2","9.3",0
"id","3 wk ahead","Bin","percent","9.3","9.4",0
"id","3 wk ahead","Bin","percent","9.4","9.5",0
"id","3 wk ahead","Bin","percent","9.5","9.6",0
"id","3 wk ahead","Bin","percent","9.6","9.7",0
"id","3 wk ahead","Bin","percent","9.7","9.8",0
"id","3 wk ahead","Bin","percent","9.8","9.9",0
"id","3 wk ahead","Bin","percent","9.9","10.0",0
"id","3 wk ahead","Bin","percent","10.0","10.1",0
"id","3 wk ahead","Bin","percent","10.1","10.2",0
"id","3 wk ahead","Bin","percent","10.2","10.3",0
"id","3 wk ahead","Bin","percent","10.3","10.4",0
"id","3 wk ahead","Bin","percent","10.4","10.5",0
"id","3 wk ahead","Bin","percent","10.5","10.6",0
"id","3 wk ahead","Bin","percent","10.6","10.7",0
"id","3 wk ahead","Bin","percent","10.7","10.8",0
"id","3 wk ahead","Bin","percent","10.8","10.9",0
"id","3 wk ahead","Bin","percent","10.9","11.0",0
"id","3 wk ahead","Bin","percent","11.0","11.1",0
"id","3 wk ahead","Bin","percent","11.1","11.2",0
"id","3 wk ahead","Bin","percent","11.2","11.3",0
"id","3 wk ahead","Bin","percent","11.3","11.4",0
"id","3 wk ahead","Bin","percent","11.4","11.5",0
"id","3 wk ahead","Bin","percent","11.5","11.6",0
"id","3 wk ahead","Bin","percent","11.6","11.7",0
"id","3 wk ahead","Bin","percent","11.7","11.8",0
"id","3 wk ahead","Bin","percent","11.8","11.9",0
"id","3 wk ahead","Bin","percent","11.9","12.0",0
"id","3 wk ahead","Bin","percent","12.0","12.1",0
"id","3 wk ahead","Bin","percent","12.1","12.2",0
"id","3 wk ahead","Bin","percent","12.2","12.3",0
"id","3 wk ahead","Bin","percent","12.3","12.4",0
"id","3 wk ahead","Bin","percent","12.4","12.5",0
"id","3 wk ahead","Bin","percent","12.5","12.6",0
"id","3 wk ahead","Bin","percent","12.6","12.7",0
"id","3 wk ahead","Bin","percent","12.7","12.8",0
"id","3 wk ahead","Bin","percent","12.8","12.9",0
"id","3 wk ahead","Bin","percent","12.9","13.0",0
"id","3 wk ahead","Bin","percent","13.0","100.0",0
"id","4 wk ahead","Point","percent",NA,NA,0.2
"id","4 wk ahead","Bin","percent","0.0","0.1",0.2711
"id","4 wk ahead","Bin","percent","0.1","0.2",0.203
"id","4 wk ahead","Bin","percent","0.2","0.3",0.1769
"id","4 wk ahead","Bin","percent","0.3","0.4",0.1255
"id","4 wk ahead","Bin","percent","0.4","0.5",0.0826
"id","4 wk ahead","Bin","percent","0.5","0.6",0.0517
"id","4 wk ahead","Bin","percent","0.6","0.7",0.0348
"id","4 wk ahead","Bin","percent","0.7","0.8",0.0199
"id","4 wk ahead","Bin","percent","0.8","0.9",0.0118
"id","4 wk ahead","Bin","percent","0.9","1.0",0.0078
"id","4 wk ahead","Bin","percent","1.0","1.1",0.0039
"id","4 wk ahead","Bin","percent","1.1","1.2",0.0031
"id","4 wk ahead","Bin","percent","1.2","1.3",0.0023
"id","4 wk ahead","Bin","percent","1.3","1.4",0.0016
"id","4 wk ahead","Bin","percent","1.4","1.5",0.002
"id","4 wk ahead","Bin","percent","1.5","1.6",6e-04
"id","4 wk ahead","Bin","percent","1.6","1.7",4e-04
"id","4 wk ahead","Bin","percent","1.7","1.8",2e-04
"id","4 wk ahead","Bin","percent","1.8","1.9",4e-04
"id","4 wk ahead","Bin","percent","1.9","2.0",1e-04
"id","4 wk ahead","Bin","percent","2.0","2.1",3e-04
"id","4 wk ahead","Bin","percent","2.1","2.2",0
"id","4 wk ahead","Bin","percent","2.2","2.3",0
"id","4 wk ahead","Bin","percent","2.3","2.4",0
"id","4 wk ahead","Bin","percent","2.4","2.5",0
"id","4 wk ahead","Bin","percent","2.5","2.6",0
"id","4 wk ahead","Bin","percent","2.6","2.7",0
"id","4 wk ahead","Bin","percent","2.7","2.8",0
"id","4 wk ahead","Bin","percent","2.8","2.9",0
"id","4 wk ahead","Bin","percent","2.9","3.0",0
"id","4 wk ahead","Bin","percent","3.0","3.1",0
"id","4 wk ahead","Bin","percent","3.1","3.2",0
"id","4 wk ahead","Bin","percent","3.2","3.3",0
"id","4 wk ahead","Bin","percent","3.3","3.4",0
"id","4 wk ahead","Bin","percent","3.4","3.5",0
"id","4 wk ahead","Bin","percent","3.5","3.6",0
"id","4 wk ahead","Bin","percent","3.6","3.7",0
"id","4 wk ahead","Bin","percent","3.7","3.8",0
"id","4 wk ahead","Bin","percent","3.8","3.9",0
"id","4 wk ahead","Bin","percent","3.9","4.0",0
"id","4 wk ahead","Bin","percent","4.0","4.1",0
"id","4 wk ahead","Bin","percent","4.1","4.2",0
"id","4 wk ahead","Bin","percent","4.2","4.3",0
"id","4 wk ahead","Bin","percent","4.3","4.4",0
"id","4 wk ahead","Bin","percent","4.4","4.5",0
"id","4 wk ahead","Bin","percent","4.5","4.6",0
"id","4 wk ahead","Bin","percent","4.6","4.7",0
"id","4 wk ahead","Bin","percent","4.7","4.8",0
"id","4 wk ahead","Bin","percent","4.8","4.9",0
"id","4 wk ahead","Bin","percent","4.9","5.0",0
"id","4 wk ahead","Bin","percent","5.0","5.1",0
"id","4 wk ahead","Bin","percent","5.1","5.2",0
"id","4 wk ahead","Bin","percent","5.2","5.3",0
"id","4 wk ahead","Bin","percent","5.3","5.4",0
"id","4 wk ahead","Bin","percent","5.4","5.5",0
"id","4 wk ahead","Bin","percent","5.5","5.6",0
"id","4 wk ahead","Bin","percent","5.6","5.7",0
"id","4 wk ahead","Bin","percent","5.7","5.8",0
"id","4 wk ahead","Bin","percent","5.8","5.9",0
"id","4 wk ahead","Bin","percent","5.9","6.0",0
"id","4 wk ahead","Bin","percent","6.0","6.1",0
"id","4 wk ahead","Bin","percent","6.1","6.2",0
"id","4 wk ahead","Bin","percent","6.2","6.3",0
"id","4 wk ahead","Bin","percent","6.3","6.4",0
"id","4 wk ahead","Bin","percent","6.4","6.5",0
"id","4 wk ahead","Bin","percent","6.5","6.6",0
"id","4 wk ahead","Bin","percent","6.6","6.7",0
"id","4 wk ahead","Bin","percent","6.7","6.8",0
"id","4 wk ahead","Bin","percent","6.8","6.9",0
"id","4 wk ahead","Bin","percent","6.9","7.0",0
"id","4 wk ahead","Bin","percent","7.0","7.1",0
"id","4 wk ahead","Bin","percent","7.1","7.2",0
"id","4 wk ahead","Bin","percent","7.2","7.3",0
"id","4 wk ahead","Bin","percent","7.3","7.4",0
"id","4 wk ahead","Bin","percent","7.4","7.5",0
"id","4 wk ahead","Bin","percent","7.5","7.6",0
"id","4 wk ahead","Bin","percent","7.6","7.7",0
"id","4 wk ahead","Bin","percent","7.7","7.8",0
"id","4 wk ahead","Bin","percent","7.8","7.9",0
"id","4 wk ahead","Bin","percent","7.9","8.0",0
"id","4 wk ahead","Bin","percent","8.0","8.1",0
"id","4 wk ahead","Bin","percent","8.1","8.2",0
"id","4 wk ahead","Bin","percent","8.2","8.3",0
"id","4 wk ahead","Bin","percent","8.3","8.4",0
"id","4 wk ahead","Bin","percent","8.4","8.5",0
"id","4 wk ahead","Bin","percent","8.5","8.6",0
"id","4 wk ahead","Bin","percent","8.6","8.7",0
"id","4 wk ahead","Bin","percent","8.7","8.8",0
"id","4 wk ahead","Bin","percent","8.8","8.9",0
"id","4 wk ahead","Bin","percent","8.9","9.0",0
"id","4 wk ahead","Bin","percent","9.0","9.1",0
"id","4 wk ahead","Bin","percent","9.1","9.2",0
"id","4 wk ahead","Bin","percent","9.2","9.3",0
"id","4 wk ahead","Bin","percent","9.3","9.4",0
"id","4 wk ahead","Bin","percent","9.4","9.5",0
"id","4 wk ahead","Bin","percent","9.5","9.6",0
"id","4 wk ahead","Bin","percent","9.6","9.7",0
"id","4 wk ahead","Bin","percent","9.7","9.8",0
"id","4 wk ahead","Bin","percent","9.8","9.9",0
"id","4 wk ahead","Bin","percent","9.9","10.0",0
"id","4 wk ahead","Bin","percent","10.0","10.1",0
"id","4 wk ahead","Bin","percent","10.1","10.2",0
"id","4 wk ahead","Bin","percent","10.2","10.3",0
"id","4 wk ahead","Bin","percent","10.3","10.4",0
"id","4 wk ahead","Bin","percent","10.4","10.5",0
"id","4 wk ahead","Bin","percent","10.5","10.6",0
"id","4 wk ahead","Bin","percent","10.6","10.7",0
"id","4 wk ahead","Bin","percent","10.7","10.8",0
"id","4 wk ahead","Bin","percent","10.8","10.9",0
"id","4 wk ahead","Bin","percent","10.9","11.0",0
"id","4 wk ahead","Bin","percent","11.0","11.1",0
"id","4 wk ahead","Bin","percent","11.1","11.2",0
"id","4 wk ahead","Bin","percent","11.2","11.3",0
"id","4 wk ahead","Bin","percent","11.3","11.4",0
"id","4 wk ahead","Bin","percent","11.4","11.5",0
"id","4 wk ahead","Bin","percent","11.5","11.6",0
"id","4 wk ahead","Bin","percent","11.6","11.7",0
"id","4 wk ahead","Bin","percent","11.7","11.8",0
"id","4 wk ahead","Bin","percent","11.8","11.9",0
"id","4 wk ahead","Bin","percent","11.9","12.0",0
"id","4 wk ahead","Bin","percent","12.0","12.1",0
"id","4 wk ahead","Bin","percent","12.1","12.2",0
"id","4 wk ahead","Bin","percent","12.2","12.3",0
"id","4 wk ahead","Bin","percent","12.3","12.4",0
"id","4 wk ahead","Bin","percent","12.4","12.5",0
"id","4 wk ahead","Bin","percent","12.5","12.6",0
"id","4 wk ahead","Bin","percent","12.6","12.7",0
"id","4 wk ahead","Bin","percent","12.7","12.8",0
"id","4 wk ahead","Bin","percent","12.8","12.9",0
"id","4 wk ahead","Bin","percent","12.9","13.0",0
"id","4 wk ahead","Bin","percent","13.0","100.0",0
